0	0.26978942844864634
1	0.987727377247016
10	0.9912474885999367
101	0.993064506977606
102	0.9869683534044643
103	0.9849734217419996
104	0.9798424397556659
105	0.9826079375683671
106	0.9797044286598922
107	0.9772744696051091
11	0.9645580814168855
110	0.9875066731996988
111	0.9886735277301314
112	0.9991007194244604
113	0.9920533878375217
114	0.9917616510285342
115	0.9986833732311142
117	0.9812183414239584
119	0.9874009883599615
12	0.9785384905388915
120	0.9874985042618825
121	0.9840799606624456
122	0.9857421106476745
126	0.9903504979751393
127	0.9766415939676514
13	0.9923949377321347
131	0.9930141287284144
133	0.985881808744988
134	0.9930913415923184
14	0.9969512195121951
143	0.9905524009430415
15	0.9959119496855346
150	0.8335790599759645
154	0.9972222222222222
157	0.9215497044430148
16	0.9758765504966701
161	0.989954091011749
17	0.9779097633498107
18	0.9806634018642758
19	0.9890905961714248
2	0.9959821428571429
20	0.9960084563927805
201	0.9610451369447555
21	0.8735387208962017
22	0.9728294533152048
222	0.9801440475175435
23	0.9897050759830801
236	0.9708047808566241
238	0.9435896897966627
24	0.9811405138824769
25	0.9810365949505491
254	0.9865515366261605
26	0.988430035030405
266	0.9865549899866488
267	0.9850139901515318
27	0.9830379532633796
28	0.9896972487625186
29	0.9702815155581114
3	0.9990706319702602
30	0.9948017668605904
31	0.9969376302709636
32	0.9972432544643762
33	0.9917337180773949
34	0.9993523316062176
35	0.9751728840966809
36	0.9959296218487396
37	0.9426095390932154
38	0.9837540120834514
39	0.9855181306852566
4	0.9858800786722708
40	0.9892308931017068
41	0.9663443699157984
412	0.9675793826752953
42	0.9938237756216703
43	0.9905751273344652
44	0.9988636363636363
45	0.985940545808967
48	0.9963975738078482
5	0.988394207113092
50	0.9971864521652279
51	0.9808007089528831
53	0.9721633034030734
54	0.9926758520667149
55	0.9631860170190097
56	0.9977396021699819
57	0.9856571239534051
58	0.9981769972317845
59	0.9953857474176392
6	0.9880952380952381
60	0.9819983638444718
61	0.9818439860244197
62	0.9943455249040076
63	0.9963667774436884
64	0.9558454892350637
67	0.942174182637012
68	0.999251497005988
69	0.9972972972972972
7	0.9941090588075512
72	0.9987841945288753
74	0.9930025148427575
75	0.9860106212532523
76	0.9728181680769366
77	0.994539778268999
78	0.9978260869565218
79	0.9945860304283525
8	0.9943120685694943
80	0.9896150792188678
81	0.9688780276405924
82	0.999203821656051
83	0.9989878542510121
84	0.9857895337192261
85	0.9936085626911315
86	0.9884947267497604
89	0.9868700685412382
9	0.9945393861237612
90	0.9856001471409266
91	0.991535351746931
92	0.9887896356274659
96	0.9809597951223165
98	0.9818576388888889
99	0.9790255107180033
