0	0.35365353037766833
1	0.9938403428659215
10	0.9962022009708609
101	0.9971903557779874
102	0.9914501154119119
103	0.9913832294069317
104	0.9885847662667231
105	0.9910768821951997
106	0.9926500131620877
107	0.9880163042588243
11	0.9803271124888482
110	0.9969577015610137
111	0.9954899267399269
112	0.9999536607970343
113	0.9913048843665082
114	0.9962564589265
115	0.998976596000852
117	0.995650143678161
119	0.9903412459454539
12	0.9920950485573325
120	0.9911298586782964
121	0.9905424027994981
122	0.992954233756643
126	0.9970852374781165
127	0.9970000460115643
13	0.9942402859237537
131	0.9929921728067264
133	0.9899010287359803
134	0.9964175641453776
14	0.9953720844131803
143	0.997463088901356
15	0.9936661698956781
150	0.9097067801177734
154	0.9980544747081712
157	0.9574237289010082
16	0.995393298876289
161	0.9909044948107447
17	0.9823488385670242
18	0.9890628442900505
19	0.99490287578144
2	0.9964542915931806
20	0.9965064229156088
201	0.986196358110923
21	0.9807899668812627
22	0.9846650380361549
222	0.9838647139326536
23	0.9928953740282911
236	0.9753423227536219
238	0.9779995331465915
24	0.9920866801791656
25	0.9916753557639542
254	0.9917705270924401
26	0.9974703466119537
266	0.9967465490376808
267	0.9947755291005289
27	0.9977207977207976
28	0.9969420051878822
29	0.993411867364747
3	0.9999269806498723
30	0.9971363861192826
31	0.9982153459048372
32	0.9982838177330022
33	0.9983201565799005
34	0.999966577540107
35	0.9898838612368024
36	0.9962208617847893
37	0.9697389897939794
38	0.9977622023306875
39	0.9924490118934561
4	0.9939531123815357
40	0.9971429136349256
41	0.9938717361152989
412	0.979257089632862
42	0.9974826709322834
43	0.9977573546993926
44	0.998374450181679
45	0.9912773722627738
48	0.9983135676204983
5	0.9919011700996035
50	0.998200143988481
51	0.9908176514756962
53	0.9797772026865643
54	0.9953753655339315
55	0.9776208284418029
56	0.9986934986934988
57	0.9959430980770327
58	0.9986458865610629
59	0.9969350309978456
6	0.9969325153374233
60	0.9888247669274773
61	0.9930799107759971
62	0.9971613548811538
63	0.9978163493840985
64	0.9751979652285546
67	0.9716426200673408
68	0.9999469439728353
69	0.9983277591973244
7	0.9960988151128997
72	0.9999154405547099
74	0.9989313475911077
75	0.9945177153087008
76	0.9895300333615993
77	0.997649300877554
78	0.9957671957671959
79	0.9974922325787838
8	0.995992714025501
80	0.9961066484653847
81	0.987008904506893
82	0.9999554307616882
83	0.9999116295510782
84	0.9939007479620136
85	0.9967650103519669
86	0.9944287391095903
89	0.9934801528949683
9	0.99706757977838
90	0.996252278177458
91	0.9930637790582154
92	0.9899808983913949
96	0.9955342869135974
98	0.9950181477578738
99	0.9881012192316541
