0	0.6157673186060691
1	0.9924104433848489
10	0.9983642423975448
101	0.9924047103186283
102	0.99132120405307
103	0.9853837673122798
104	0.960171854126522
105	0.9897666304531422
106	0.9792486700029972
107	0.9646805767206261
11	0.9700160104000926
110	0.986260074048376
111	0.9896605142181666
112	0.9992469879518072
113	0.9869654454142425
114	0.996999838078342
115	0.9934451524701884
117	0.9902294682741439
119	0.9807026101824161
12	0.9895102243023151
120	0.9811671208024476
121	0.9807303907026232
122	0.9701855069763798
126	0.9919495928523452
127	0.9843771627982155
13	0.9914864608171831
131	0.9921124762586899
133	0.9827579214488907
134	0.9881779058420427
14	0.9964197530864197
143	0.9939487898768571
15	0.9718058467272304
150	0.8014125422838827
154	0.999113475177305
157	0.9012957982907958
16	0.9952426923032315
161	0.9929247179617747
17	0.9674476356669047
18	0.9801430842820239
19	0.9879179386305879
2	0.9872742137236403
20	0.9944663111562553
201	0.9832631617519618
21	0.9317228709278196
22	0.9623927582531301
222	0.9453393373011347
23	0.9875995397162447
236	0.9450719717285531
238	0.9543706356629915
24	0.9690370417016894
25	0.9704141179800343
254	0.9718403043332126
26	0.9949343536995977
266	0.9890109932342992
267	0.9842591825305457
27	0.9873197233852972
28	0.9825430998021548
29	0.9768180246275872
3	0.9994212962962963
30	0.9865301365301365
31	0.9890370801497921
32	0.9984718349068675
33	0.9987823439878234
34	0.9994343891402715
35	0.9829280367642037
36	0.9909090284646666
37	0.9117752405466819
38	0.9976241300136328
39	0.9803133308841814
4	0.9834777644467712
40	0.9867364081707761
41	0.9915628100469212
412	0.957956109156897
42	0.9967699777899638
43	0.9926032913165267
44	0.998936735778841
45	0.9324383348751218
48	0.9985106185948883
5	0.9709952179074707
50	0.9991783359027064
51	0.9784872420732152
53	0.966242350272571
54	0.9826375201506702
55	0.9576887679592052
56	0.9979937521518116
57	0.984524257431715
58	0.9923760825502119
59	0.9917914087536531
6	0.9903846153846154
60	0.9506192255344289
61	0.9781811992360301
62	0.9890845974071869
63	0.9982722033094199
64	0.9480609236285886
67	0.8995650196579335
68	0.9992748368382885
69	0.9994807892004154
7	0.9701752318088952
72	0.9986891436644209
74	0.9982742328447929
75	0.9807415233850235
76	0.9805048034489184
77	0.9959810675839434
78	0.9983338987523089
79	0.989025348305607
8	0.9967965344220077
80	0.9886298875398202
81	0.9735161054627098
82	0.9992424242424243
83	0.9992774566473989
84	0.9893933158073435
85	0.9850034944357831
86	0.9903023995490068
89	0.9803209559158259
9	0.9906784913711633
90	0.9980024379417007
91	0.9773160692490672
92	0.9850820737925486
96	0.9795655474225303
98	0.981254319974913
99	0.983112368731503
