0	0.29767441860465116
1	0.9857142857142858
10	0.9937722419928826
101	0.988628762541806
102	0.9797891036906854
103	0.9795209996528983
104	0.9676506267691064
105	0.9788135593220338
106	0.9839449541284404
107	0.966027178257394
11	0.9559183673469388
110	0.988929889298893
111	0.9841269841269841
112	0.9973821989528796
113	0.9832109129066107
114	0.9931305201177625
115	0.9959677419354839
117	0.9879391714735186
119	0.982360097323601
12	0.9806788511749347
120	0.9782797567332754
121	0.9758064516129032
122	0.9767441860465116
126	0.9917506874427131
127	0.988
13	0.9886755292959133
131	0.9899441340782122
133	0.9819927971188476
134	0.9901207464324918
14	0.990625
143	0.9909465020576131
15	0.9878957169459963
150	0.8305400372439479
154	0.9973404255319149
157	0.9217391304347826
16	0.9888423988842399
161	0.9852941176470589
17	0.9687304565353346
18	0.9727381155222354
19	0.9871908127208481
2	0.9880636604774535
20	0.9923469387755102
201	0.964836033188463
21	0.9588167053364269
22	0.9654576856649395
222	0.9586880320480721
23	0.9841867469879518
236	0.9443504418123707
238	0.9468017732742242
24	0.9766248574686431
25	0.9748653500897666
254	0.9790982382800836
26	0.9885714285714285
266	0.9852607709750567
267	0.9843916282369635
27	0.9915433403805497
28	0.9873203719357565
29	0.9860834990059643
3	0.9971988795518207
30	0.9907749077490775
31	0.9920948616600791
32	0.9942016057091883
33	0.9950980392156863
34	0.9981308411214953
35	0.9700598802395209
36	0.9920424403183024
37	0.9103751736915239
38	0.9921348314606742
39	0.980875691997987
4	0.9815340909090909
40	0.9887573964497042
41	0.9854014598540146
412	0.9462575093359311
42	0.9912087912087912
43	0.9900306748466258
44	0.9956896551724138
45	0.9809045226130654
48	0.9955849889624724
5	0.9826625386996904
50	0.9971181556195965
51	0.9752834467120182
53	0.9597855227882037
54	0.9825673534072901
55	0.9535850363699342
56	0.9931972789115646
57	0.9845524761472059
58	0.9939347990902199
59	0.9883227176220807
6	0.995260663507109
60	0.9755555555555555
61	0.9808318264014466
62	0.9917718047174986
63	0.9931600547195623
64	0.9496038732394366
67	0.9277551020408163
68	0.9975845410628019
69	0.9976525821596244
7	0.9899117276166457
72	0.9954337899543378
74	0.99375
75	0.981737686773658
76	0.9683286296644716
77	0.989841986455982
78	0.9936170212765958
79	0.9877433309300648
8	0.9927611168562565
80	0.9899894625922023
81	0.9654545454545455
82	0.9976076555023924
83	0.9969135802469136
84	0.983739837398374
85	0.9888641425389755
86	0.9814241486068112
89	0.9844045368620038
9	0.9917617237008872
90	0.9929906542056075
91	0.981651376146789
92	0.9747964327258627
96	0.9859154929577465
98	0.9894736842105263
99	0.9694272445820433
