0	0.3333333333333333
1	1.0
10	1.0
101	1.0
102	1.0
103	0.9387755102040817
104	0.9130434782608695
105	1.0
106	1.0
107	0.9705882352941176
11	0.967741935483871
110	1.0
111	1.0
112	1.0
113	1.0
114	1.0
115	1.0
117	1.0
119	1.0
12	1.0
120	1.0
121	0.9333333333333333
122	1.0
126	1.0
127	1.0
13	1.0
131	1.0
133	1.0
134	1.0
14	1.0
143	1.0
15	1.0
150	1.0
154	1.0
157	0.9534883720930233
16	1.0
161	1.0
17	1.0
18	0.9859154929577465
19	0.967741935483871
2	0.9444444444444444
20	1.0
201	1.0
21	0.9545454545454546
22	0.96
222	0.9782608695652174
23	1.0
236	0.875
238	0.9354838709677419
24	1.0
25	1.0
254	1.0
26	1.0
266	1.0
267	0.9142857142857143
27	1.0
28	1.0
29	1.0
3	1.0
30	1.0
31	1.0
32	1.0
33	1.0
34	1.0
35	0.9375
36	0.8888888888888888
37	0.8518518518518519
38	1.0
39	1.0
4	1.0
40	0.96
41	1.0
412	0.9625
42	1.0
43	0.9333333333333333
44	1.0
45	1.0
48	1.0
5	1.0
50	1.0
51	0.9807692307692307
53	0.9787234042553191
54	1.0
55	0.8636363636363636
56	1.0
57	1.0
58	1.0
59	1.0
60	0.96
61	0.9318181818181818
62	1.0
63	1.0
64	0.9642857142857143
67	0.8695652173913043
68	1.0
69	1.0
7	1.0
72	1.0
74	1.0
75	0.8695652173913043
76	0.9743589743589743
77	1.0
78	1.0
79	1.0
8	1.0
80	1.0
81	0.9230769230769231
82	1.0
83	1.0
84	1.0
85	1.0
86	1.0
89	1.0
9	1.0
90	1.0
91	1.0
92	0.9655172413793104
96	0.9523809523809523
98	1.0
99	0.9791666666666666
